[
    [
        20.000000000000004,
        26.616419106018455,
        5.238594976841175
    ],
    [
        21.445344440206465,
        26.023113806273834,
        0.33048400308878517
    ],
    [
        22.995139907954716,
        24.563850910799335,
        2.928078005659759
    ],
    [
        24.656934788841323,
        25.05381332241067,
        6.014170950751424
    ],
    [
        26.43882296932058,
        24.58091607171591,
        6.1467694404477715
    ],
    [
        28.349483258536115,
        25.033525207595293,
        4.957974948494518
    ],
    [
        30.39822165905868,
        25.05183788287154,
        4.361682027858566
    ],
    [
        32.59501669241289,
        25.249736242535942,
        6.006329214456484
    ],
    [
        34.95056800015368,
        25.721152576380955,
        4.737499193443066
    ],
    [
        37.476348457207685,
        23.642907991057914,
        5.0718378927379
    ],
    [
        40.184660051300945,
        24.981667142533325,
        2.491166927061372
    ],
    [
        43.08869380063769,
        24.956769199354376,
        5.37627012259603
    ],
    [
        46.202594001663215,
        24.626661330952466,
        3.9658759318934664
    ],
    [
        49.541527119834235,
        24.825529687510198,
        3.654125759320888
    ],
    [
        53.12175565893374,
        23.99720227855265,
        2.3344455930320627
    ],
    [
        56.96071736871605,
        23.71290328836047,
        3.7816310812321974
    ],
    [
        61.07711017666832,
        24.526859189402042,
        4.771066958045882
    ],
    [
        65.49098325755457,
        25.297353047124073,
        2.108828188659511
    ],
    [
        70.22383468430263,
        24.697657867338503,
        1.5535892352766214
    ],
    [
        75.29871613584936,
        24.605395431128297,
        2.2699659191482287
    ],
    [
        80.74034517193108,
        24.93983626102057,
        1.5471287666803533
    ],
    [
        86.57522562166116,
        24.70163884972997,
        1.045464221932211
    ],
    [
        92.8317766722556,
        24.53494636998191,
        2.1109849258534084
    ],
    [
        99.54047128664224,
        24.6648898213422,
        1.301227629551
    ],
    [
        106.73398462412626,
        24.962773533661625,
        1.3206529714685922
    ],
    [
        114.44735318700442,
        24.427578881904196,
        1.3721961274838024
    ],
    [
        122.71814546826353,
        24.533818232357646,
        1.267903786618175
    ],
    [
        131.58664493151366,
        24.78550561385484,
        1.73520715464756
    ],
    [
        141.09604621437293,
        24.556704748174475,
        1.2149205783982011
    ],
    [
        151.29266551092584,
        24.330106316717632,
        1.7508046932969272
    ],
    [
        162.22616615793746,
        24.50607597457125,
        0.7183314813158813
    ],
    [
        173.94980052355672,
        24.36986219447433,
        0.7669831992210602
    ],
    [
        186.520669376644,
        24.531814634739213,
        0.9360556810919184
    ],
    [
        200.00000000000003,
        24.53719230885252,
        1.3636994371539017
    ],
    [
        214.45344440206466,
        24.625399458818073,
        0.6166741937741151
    ],
    [
        229.95139907954717,
        24.489207182139005,
        0.599197891850669
    ],
    [
        246.5693478884132,
        24.61427894273946,
        0.309824323150126
    ],
    [
        264.3882296932058,
        24.528924405186686,
        0.49262288439749824
    ],
    [
        283.494832585361,
        24.579465456687974,
        0.6683620982114964
    ],
    [
        303.9822165905867,
        24.611226030929817,
        0.3449084589371819
    ],
    [
        325.9501669241287,
        24.54244376296988,
        0.5108972536060359
    ],
    [
        349.50568000153663,
        24.579518015997476,
        0.7092645413881103
    ],
    [
        374.76348457207666,
        24.57708294444505,
        0.43228682505761723
    ],
    [
        401.8466005130092,
        24.57759003724768,
        0.41739406550463987
    ],
    [
        430.88693800637697,
        24.51663506386477,
        0.15292588471963534
    ],
    [
        462.02594001663215,
        24.66439847526059,
        0.2715212829929449
    ],
    [
        495.41527119834234,
        24.599151811518794,
        0.36855834768199897
    ],
    [
        531.2175565893374,
        24.524738694261224,
        0.2922322724070513
    ],
    [
        569.6071736871604,
        24.62167842783433,
        0.18791151265588674
    ],
    [
        610.7711017666832,
        24.57725605873639,
        0.27106596424484697
    ],
    [
        654.9098325755458,
        24.589431400531446,
        0.257540504426751
    ],
    [
        702.2383468430263,
        24.60714353549705,
        0.2176131636150867
    ],
    [
        752.9871613584936,
        24.61412987555545,
        0.23489668222065418
    ],
    [
        807.4034517193116,
        24.54597731641568,
        0.1677512087203875
    ],
    [
        865.7522562166124,
        24.608635766032442,
        0.2813905626312951
    ],
    [
        928.3177667225565,
        24.650922398609147,
        0.14507640598156968
    ],
    [
        995.4047128664229,
        24.56136145816717,
        0.17938725543613063
    ],
    [
        1067.3398462412626,
        24.593335494408592,
        0.07932667776072101
    ],
    [
        1144.473531870044,
        24.6111058624431,
        0.22718713554869222
    ],
    [
        1227.1814546826354,
        24.617588862652063,
        0.06520889104472298
    ],
    [
        1315.8664493151366,
        24.616428665633077,
        0.08751438555763773
    ],
    [
        1410.9604621437293,
        24.615871756631144,
        0.14651341131385412
    ],
    [
        1512.9266551092583,
        24.627497402154358,
        0.14224677720252973
    ],
    [
        1622.2616615793747,
        24.607593268495037,
        0.0969367700394088
    ],
    [
        1739.498005235567,
        24.59901773698106,
        0.04758708604054401
    ],
    [
        1865.2066937664401,
        24.623816778698956,
        0.11934135922102908
    ],
    [
        2000.0000000000002,
        24.6042434974146,
        0.049518959280480966
    ],
    [
        2144.534444020647,
        24.61154085901603,
        0.02457028639226596
    ],
    [
        2299.5139907954717,
        24.625168810263194,
        0.051726740644251624
    ],
    [
        2465.693478884132,
        24.629918632209996,
        0.04603407685792533
    ],
    [
        2643.8822969320577,
        24.61475665193437,
        0.008536385839826669
    ],
    [
        2834.9483258536097,
        24.625765843699135,
        0.05328331906482102
    ],
    [
        3039.8221659058668,
        24.614501901259796,
        0.013034930515518465
    ],
    [
        3259.5016692412905,
        24.624255526621734,
        0.020986178309599212
    ],
    [
        3495.05680001537,
        24.624003263056316,
        0.007821066301107744
    ],
    [
        3747.6348457207705,
        24.628223238935007,
        0.013631694853587494
    ],
    [
        4018.4660051300966,
        24.621030803638458,
        -0.01605258442072487
    ],
    [
        4308.869380063769,
        24.626609092737763,
        -0.018702358459234073
    ],
    [
        4620.259400166321,
        24.627670940795316,
        -0.01787049073105187
    ],
    [
        4954.152711983424,
        24.626323753645515,
        -0.032985968835429175
    ],
    [
        5312.175565893374,
        24.641110378303217,
        -0.0357459658654372
    ],
    [
        5696.071736871605,
        24.63513592439884,
        -0.032754747851298616
    ],
    [
        6107.711017666832,
        24.633730685259728,
        -0.029211590973006425
    ],
    [
        6549.098325755457,
        24.643530192017895,
        -0.05435209541651029
    ],
    [
        7022.383468430263,
        24.642283629836868,
        -0.0555576330399748
    ],
    [
        7529.871613584936,
        24.64300746625142,
        -0.07517124367183589
    ],
    [
        8074.0345171931085,
        24.644335870196173,
        -0.08831574015188062
    ],
    [
        8657.522562166116,
        24.644697157858072,
        -0.0984503003497577
    ],
    [
        9283.177667225566,
        24.640577169175923,
        -0.10379043430720729
    ],
    [
        9954.04712866423,
        24.63626340144879,
        -0.11205887360381114
    ],
    [
        10673.398462412626,
        24.634374766683163,
        -0.13278187082637333
    ],
    [
        11444.735318700441,
        24.638620418000123,
        -0.14625410821999127
    ],
    [
        12271.814546826354,
        24.635764602805118,
        -0.16396209600946024
    ],
    [
        13158.664493151366,
        24.624655254028905,
        -0.1788972089775863
    ],
    [
        14109.604621437293,
        24.62199019636545,
        -0.19743252417107476
    ],
    [
        15129.266551092584,
        24.617505745406596,
        -0.22029060498541325
    ],
    [
        16222.616615793748,
        24.607231183180232,
        -0.24331565744332315
    ],
    [
        17394.98005235567,
        24.601521179637643,
        -0.2638053273822048
    ],
    [
        18652.0669376644,
        24.594776105907616,
        -0.29017537590225617
    ],
    [
        20000.000000000004,
        24.58658967031658,
        -0.3205108984260183
    ]
]